name: cc30
channels:
  - defaults
dependencies:
  - bzip2=1.0.8
  - ca-certificates=2026.5.14
  - libexpat=2.8.1
  - libffi=3.4.8
  - libzlib=1.3.2
  - openssl=3.5.7
  - python=3.10.20
  - setuptools=82.0.1
  - sqlite=3.53.2
  - tk=8.6.15
  - tzdata=2026b
  - ucrt=10.0.22621.0
  - vc=14.3
  - vc14_runtime=14.44.35208
  - vs2015_runtime=14.44.35208
  - xz=5.8.2
  - zlib=1.3.2
  - pip:
      - packaging==26.2
      - pip==26.1.2
      - pulp==3.3.2
      - wheel==0.47.0
prefix: D:\ana\envs\cc30
